-9.53060998023711
-9.435151373086805
-7.81309908627029
-7.470034596289246
-8.20687411209725
-8.206427803406383
-8.851996127519365
-7.902145504938013
-7.514554372371765
-5.667961903207028
-7.037073774067525
-4.836452988070788
-5.577594741958922
-7.677887844720168
-6.327378164177191
-7.335166170459741
-7.591912230464997
-4.332047674491092
-3.722682842638553
-3.7292702833518927
-5.511120131039733
-3.131810257908678
-8.533117433729345
-5.684298178684121
-2.09055047384208
-3.448568336564845
-4.136210773960633
-6.907099877840728
-2.316363626141783
-7.294249821488957
-1.5591089251472812
-5.111849328825981
-4.069472855286738
-2.914480571355517
-0.6104139163227421
-2.613347763031431
1.0660842221629132
-0.08753350972962015
1.4448759508906293
1.0527822569081493
-1.2999406432338192
-0.49077260276866475
-3.3705829197294745
2.831618798962575
-1.543809788012997
2.241518369071318
0.22296841480424334
1.3950965531528623
2.9847583718104445
-2.3029561122125197
-7.410508183628609
-5.507311703773336
1.44010528059105
-4.37318135681743
-2.484785236765429
4.918348458496807
-1.3794825571175124
-1.4969290336146783
4.078504208154992
3.0209251812718767
3.6599527087455206
10.883908308603496
9.25251313769603
1.5438341363664334
0.9553150375418793
2.4899109509901294
-0.567962551255998
6.135068683144707
3.678193198189839
4.10045617145535
-4.0668676713080725
6.327763047451548
9.533507867653613
-3.4274246327892053
0.1111071018801999
-1.1814180345509833
3.655213812503668
10.059110051673663
13.345507312937132
9.025250231096441
6.313087016168918
1.0691725669391152
15.772127120484324
6.9118087955561185
8.542184764763332
3.9489617313273424
6.014939192564635
7.211734048457121
-4.050236517846433
14.39057976780431
0.12515074836502493
4.158984254519884
8.469726351139995
6.607839038486815
2.182209611470875
12.771545235620932
5.710002326872678
5.419189318940526
-0.03860014268261258
16.00649956243803
